722
723
724
725
728
729
730
731
732
735
736
737
738
739
740
741
742
743
744
745
746
747
748
749
762
763
764
765
766
768
769
770
771
773
774
775
776
777
778
780
783
784
785
786
787
788
789
792
793
794
795
800
801
805
806
807
808
809
810
811
812
813
814
815
816
817
818
819
820
821
822
823
826
827
828
829
830
831
832
833
834
835
836
845
846
847
848
850
851
853
854
855
856
857
858
859
860
861
862
863
864
865
867
868
869
870
873
881
882
883
884
887
888
889
891
892
893
895
898
899
902
903
904
905
906
908
910
911
912
913
914
917
921
922
923
924
925
926
930
931
936
937
938
939
941
944
945
948
949
950
952
956
957
964
965
966
969
970
971
972
983
985
986
987
988
989
990
991
992
993
995
996
997
999
1001
1002
1003
